40
0 2.713029e+15 2.417989e+15 3.044068e+15
1 3.415501e+15 3.044068e+15 3.832255e+15
2 4.299860e+15 3.832255e+15 4.824523e+15
3 5.413204e+15 4.824523e+15 6.073714e+15
4 6.814820e+15 6.073714e+15 7.646353e+15
5 8.579350e+15 7.646353e+15 9.626189e+15
6 1.080076e+16 9.626189e+15 1.211865e+16
7 1.359735e+16 1.211865e+16 1.525648e+16
8 1.711805e+16 1.525648e+16 1.920677e+16
9 2.155035e+16 1.920677e+16 2.417989e+16
10 2.713029e+16 2.417989e+16 3.044068e+16
11 3.415501e+16 3.044068e+16 3.832255e+16
12 4.299860e+16 3.832255e+16 4.824523e+16
13 5.413204e+16 4.824523e+16 6.073714e+16
14 6.814820e+16 6.073714e+16 7.646353e+16
15 8.579350e+16 7.646353e+16 9.626189e+16
16 1.080076e+17 9.626189e+16 1.211865e+17
17 1.359735e+17 1.211865e+17 1.525648e+17
18 1.711805e+17 1.525648e+17 1.920677e+17
19 2.155035e+17 1.920677e+17 2.417989e+17
20 2.713029e+17 2.417989e+17 3.044068e+17
21 3.415501e+17 3.044068e+17 3.832255e+17
22 4.299860e+17 3.832255e+17 4.824523e+17
23 5.413204e+17 4.824523e+17 6.073714e+17
24 6.814820e+17 6.073714e+17 7.646353e+17
25 8.579350e+17 7.646353e+17 9.626189e+17
26 1.080076e+18 9.626189e+17 1.211865e+18
27 1.359735e+18 1.211865e+18 1.525648e+18
28 1.711805e+18 1.525648e+18 1.920677e+18
29 2.155035e+18 1.920677e+18 2.417989e+18
30 2.713029e+18 2.417989e+18 3.044068e+18
31 3.415501e+18 3.044068e+18 3.832255e+18
32 4.299860e+18 3.832255e+18 4.824523e+18
33 5.413204e+18 4.824523e+18 6.073714e+18
34 6.814820e+18 6.073714e+18 7.646353e+18
35 8.579350e+18 7.646353e+18 9.626189e+18
36 1.080076e+19 9.626189e+18 1.211865e+19
37 1.359735e+19 1.211865e+19 1.525648e+19
38 1.711805e+19 1.525648e+19 1.920677e+19
39 2.155035e+19 1.920677e+19 2.417989e+19
