40
0 2.713029e+14 2.417989e+14 3.044068e+14
1 3.415501e+14 3.044068e+14 3.832255e+14
2 4.299860e+14 3.832255e+14 4.824523e+14
3 5.413204e+14 4.824523e+14 6.073714e+14
4 6.814820e+14 6.073714e+14 7.646353e+14
5 8.579350e+14 7.646353e+14 9.626189e+14
6 1.080076e+15 9.626189e+14 1.211865e+15
7 1.359735e+15 1.211865e+15 1.525648e+15
8 1.711805e+15 1.525648e+15 1.920677e+15
9 2.155035e+15 1.920677e+15 2.417989e+15
10 2.713029e+15 2.417989e+15 3.044068e+15
11 3.415501e+15 3.044068e+15 3.832255e+15
12 4.299860e+15 3.832255e+15 4.824523e+15
13 5.413204e+15 4.824523e+15 6.073714e+15
14 6.814820e+15 6.073714e+15 7.646353e+15
15 8.579350e+15 7.646353e+15 9.626189e+15
16 1.080076e+16 9.626189e+15 1.211865e+16
17 1.359735e+16 1.211865e+16 1.525648e+16
18 1.711805e+16 1.525648e+16 1.920677e+16
19 2.155035e+16 1.920677e+16 2.417989e+16
20 2.713029e+16 2.417989e+16 3.044068e+16
21 3.415501e+16 3.044068e+16 3.832255e+16
22 4.299860e+16 3.832255e+16 4.824523e+16
23 5.413204e+16 4.824523e+16 6.073714e+16
24 6.814820e+16 6.073714e+16 7.646353e+16
25 8.579350e+16 7.646353e+16 9.626189e+16
26 1.080076e+17 9.626189e+16 1.211865e+17
27 1.359735e+17 1.211865e+17 1.525648e+17
28 1.711805e+17 1.525648e+17 1.920677e+17
29 2.155035e+17 1.920677e+17 2.417989e+17
30 2.713029e+17 2.417989e+17 3.044068e+17
31 3.415501e+17 3.044068e+17 3.832255e+17
32 4.299860e+17 3.832255e+17 4.824523e+17
33 5.413204e+17 4.824523e+17 6.073714e+17
34 6.814820e+17 6.073714e+17 7.646353e+17
35 8.579350e+17 7.646353e+17 9.626189e+17
36 1.080076e+18 9.626189e+17 1.211865e+18
37 1.359735e+18 1.211865e+18 1.525648e+18
38 1.711805e+18 1.525648e+18 1.920677e+18
39 2.155035e+18 1.920677e+18 2.417989e+18
