# $E~{\rm (keV)}$ $\nu L_\nu~{\rm (erg/s)}$ $\nu L_\nu~{\rm (erg/s)}$_err
1.1011322173087067e-05 0.0 0.0
1.3238521026816703e-05 0.0 0.0
1.5916202997476513e-05 0.0 0.0
1.9135484798017078e-05 0.0 0.0
2.3005912811818097e-05 0.0 0.0
2.7659190759557978e-05 0.0 0.0
3.325366134051515e-05 0.0 0.0
3.997969435051338e-05 0.0 0.0
4.806616462449694e-05 0.0 0.0
5.77882402364983e-05 0.0 0.0
6.947674597546885e-05 0.0 0.0
8.352942071925467e-05 0.0 0.0
0.00010042445177495474 0.0 0.0
0.00012073674673497963 0.0 0.0
0.00014515749655087605 0.0 0.0
0.00017451769552121805 0.0 0.0
0.00020981641853655105 0.0 0.0
0.000252254817805297 0.0 0.0
0.0003032769959082039 0.0 0.0
0.0003646191460180442 0.0 0.0
0.0004383686314380678 0.0 0.0
0.0005270350148298976 0.0 0.0
0.0006336354541280468 0.0 0.0
0.0007617973710108037 1.653987496307319e+35 1.653987496307319e+35
0.0009158818855513355 0.0 0.0
0.0011011322173087067 0.0 0.0
0.0013238521026816708 0.0 0.0
0.0015916202997476522 0.0 0.0
0.0019135484798017076 0.0 0.0
0.0023005912811818094 0.0 0.0
0.002765919075955798 4.774755157665631e+35 4.774755157665631e+35
0.0033253661340515153 1.1704736581959667e+36 7.271901558485442e+35
0.0039979694350513375 2.2766844991865884e+36 1.1455941376888546e+36
0.0048066164624496945 1.8441927909268695e+36 1.0806821205406503e+36
0.005778824023649832 4.084371597668932e+36 1.5251136446744575e+36
0.006947674597546886 4.0282526393487354e+36 1.5501181087908738e+36
0.008352942071925466 7.727690118295878e+36 2.235570627312122e+36
0.010042445177495474 1.0219436903414289e+37 2.511029713844772e+36
0.012073674673497964 2.1973334758276926e+37 3.5941934395990017e+36
0.014515749655087607 3.417475424601117e+37 4.296612003909701e+36
0.017451769552121812 3.674821469772407e+37 4.078337687201249e+36
0.020981641853655107 5.944068628706933e+37 4.651676815484616e+36
0.025225481780529694 7.925941384620143e+37 4.657495872191042e+36
0.030327699590820385 8.81214089892283e+37 4.042136511820661e+36
0.036461914601804424 8.455644710032273e+37 3.020550543455259e+36
0.04383686314380679 7.340490716151998e+37 2.0459578668777883e+36
0.05270350148298979 5.460678027349774e+37 1.1832132880973704e+36
0.06336354541280467 3.3877100235973954e+37 5.612192899264725e+35
0.07617973710108036 1.6101136759573723e+37 2.0889733858216788e+35
0.09158818855513355 5.806745425966348e+36 5.909428523843428e+34
